machines:
core0 4 1,2,3,4
core1 4 5,6,7,8
core2 4 9,10,11,12
core3 4 13,14,15,16
core4 4 17,18,19,20
core5 4 21,22,23,24
core6 4 25,26,27,28
core7 4 29,30,31,32
core8 4 33,34,35,36
core9 4 37,38,39,40
core10 4 41,42,43,44
core11 4 45,46,47,48
core12 4 49,50,51,52
core13 4 53,54,55,56
core14 4 57,58,59,60
core15 4 61,62,63,64
core16 4 65,66,67,68
core17 4 69,70,71,72
core18 4 73,74,75,76
core19 4 77,78,79,80
core20 4 81,82,83,84
core21 4 85,86,87,88
core22 4 89,90,91,92
core23 4 93,94,95,96
core24 4 97,98,99,100
core25 4 101,102,103,104
core26 4 105,106,107,108
core27 4 109,110,111,112
core28 4 113,114,115,116
core29 4 117,118,119,120
core30 4 121,122,123,124
core31 4 125,126,127,128
core32 4 129,130,131,132
core33 4 133,134,135,136
core34 4 137,138,139,140
core35 4 141,142,143,144
core36 4 145,146,147,148
core37 4 149,150,151,152
core38 4 153,154,155,156
core39 4 157,158,159,160
core40 4 161,162,163,164
core41 4 165,166,167,168
core42 4 169,170,171,172
core43 4 173,174,175,176
core44 4 177,178,179,180
core45 4 181,182,183,184
core46 4 185,186,187,188
core47 4 189,190,191,192
core48 4 193,194,195,196
core49 4 197,198,199,200
core50 4 201,202,203,204
core51 4 205,206,207,208
core52 4 209,210,211,212
core53 4 213,214,215,216
core54 4 217,218,219,220
core55 4 221,222,223,224
core56 4 225,226,227,0
links:
