machines:
core0 4 0,68,136,204
core1 4 1,69,137,205
core2 4 2,70,138,206
core3 4 3,71,139,207
core4 4 4,72,140,208
core5 4 5,73,141,209
core6 4 6,74,142,210
core7 4 7,75,143,211
core8 4 8,76,144,212
core9 4 9,77,145,213
core10 4 10,78,146,214
core11 4 11,79,147,215
core12 4 12,80,148,216
core13 4 13,81,149,217
core14 4 14,82,150,218
core15 4 15,83,151,219
core16 4 16,84,152,220
core17 4 17,85,153,221
core18 4 18,86,154,222
core19 4 19,87,155,223
core20 4 20,88,156,224
core21 4 21,89,157,225
core22 4 22,90,158,226
core23 4 23,91,159,227
core24 4 24,92,160,228
core25 4 25,93,161,229
core26 4 26,94,162,230
core27 4 27,95,163,231
core28 4 28,96,164,232
core29 4 29,97,165,233
core30 4 30,98,166,234
core31 4 31,99,167,235
core32 4 32,100,168,236
core33 4 33,101,169,237
core34 4 34,102,170,238
core35 4 35,103,171,239
core36 4 36,104,172,240
core37 4 37,105,173,241
core38 4 38,106,174,242
core39 4 39,107,175,243
core40 4 40,108,176,244
core41 4 41,109,177,245
core42 4 42,110,178,246
core43 4 43,111,179,247
core44 4 44,112,180,248
core45 4 45,113,181,249
core46 4 46,114,182,250
core47 4 47,115,183,251
core48 4 48,116,184,252
core49 4 49,117,185,253
core50 4 50,118,186,254
core51 4 51,119,187,255
core52 4 52,120,188,256
core53 4 53,121,189,257
core54 4 54,122,190,258
core55 4 55,123,191,259
core56 4 56,124,192,260
core57 4 57,125,193,261
core58 4 58,126,194,262
core59 4 59,127,195,263
core60 4 60,128,196,264
core61 4 61,129,197,265
core62 4 62,130,198,266
core63 4 63,131,199,267
core64 4 64,132,200,268
core65 4 65,133,201,269
core66 4 66,134,202,270
core67 4 67,135,203,271
links:
