22841826873
21603212989
21383894559
21118862463
21791627198
20817585740
21478673337
21186453287
22094049331
21301305901
22028294292
21849578122
22470265954
21742441411
22164786341
21603656791
22248414979
22181296616
22545536830
22963128917
22374543397
22549169746
22717390412
22442083458
22941271387
22123876725
22597856848
22463453130
22008657671
22223998934
22006590265
22032346747
22147764425
21685768606
21576150972
21148926933
20907336795
20394040441
22703698611
22052690066
21571652517
21165205518
22191293127
22258054919
21944404256
20275447298
21334438482
21059292617
21714014616
21879771704
11325855801
11020476498
11520468946
10863291608
10986328617
11025330539
11499485172
10962364525
10901821163
10923325378
11366641586
10956166363
10894287415
10849004914

