58977360722
58743113396
58758859784
58670372218
58830526157
58784349535
58993961612
58795106881
58869346028
58908018826
58883199765
58773114302
58778955877
58799586663
58717214743
58703740514
58539410400
58475466780
58349153823
58414296498
58504903350
58444098020
58516491093
58413178287
58401063271
58439800762
58344649233
58397769704
58483537012
58423056494
58419176658
58436673635
58433185231
58395812228
58406115364
58428916107
58577428023
58612048701
58589889122
58559153655
58517924411
58522732353
58461368367
58424023295
58591892765
58586067449
58509907182
58520490572
58516800330
58536661194
58551279241
58607221142
58967269452
58837291461
58913000809
58918053686
58873892634
59030567360
58938193737
58935941185
58766475968
58802323925
58727467371
58948264285
58795506782
58826425378
58760848051
58695909690
58709915325
58627578302
58558896105
58643015371
58435088136
58618460148
58632778922
58512737338
58597962006
58580882368
58666576847
58666365439
58585390617
58658963015
58665312603
58665546396
58661410442
58719245633
58713230367
58692682277
58676420002
58679690535
58686884181
58696277474
58632499269
58674298550
58638844082
58621081228
57863295778
57921598184
57748722118
57795210832
41814831248
41573130074
39807922534
39821755109
40187964077
40167271380
39955698465
40170713994
40041799080
40151565952
39924984460
40171445822
40388404917
40323282456
40096842714
40114441003
40372733849
40349236044
40081661365
40084420697
40120193515
40157708335
39940873231
39941933622
40470090132
40447892305
40171170198
40191527274
40504992632
40315517146
40197734413
40190096152
40387114996
40290797466
40180373319
40088709574
40489789837
40390539500
40258458260
40171837274
40299687780
40538903861
40037896120
39955000460
40413161180
40382143769
40081554301
40138692481
40514303392
40331061725
40144657058
40220798314
40423103757
40267700160
40030180518
40192003148
40477845071
40407501985
40048547525
40070029313
40226894770
40161424466
40275599263
39893879371
40340845703
40412615553
40051680665
40228214629
40445623988
40428353725
40237336626
40145404213
40224751516
40005496093
40143358830
40150836403
40448110224
40185348232
40126588981
40110355193
40320236549
40022229672
40003058860
40139608724
40334484128
40153793154
40083448362
40082189533
40463988943
40228236396
40183430802
40203444120
40387825386
40067783616
40093292308
40098450594
40279236909
40060027763
39984535115
39969401153
40280739438
40014371314
40018020655
39941741225
39814280670
39516662524
39503054378
39893030485
40182036230
39791284083
40082963391
39780139381
40265976637
39970613311
39991627796
40084272653
40230674213
39990331671
39962653578
39959849445
40187455792
39987305723
40071252146
39912716790
40313138600
40020814017
39946846640
40140494858
